ep_returns,ep_lens
-0.9665057556981145,37.735849056603776
-0.7354908389499387,39.603960396039604
-0.8109802256426715,38.83495145631068
-0.4426120633842298,38.46153846153846
0.00934860265966909,40.0
0.12805123345774952,39.603960396039604
0.6292741123091214,38.83495145631068
0.4540559934214772,38.83495145631068
1.1727151179049744,40.4040404040404
1.5982838793794272,40.0
2.0470750639577187,40.4040404040404
2.4134983071673144,40.0
2.366671222367128,39.21568627450981
2.2833913203245197,39.21568627450981
2.697833064494573,39.603960396039604
3.703043406445757,40.4040404040404
3.253318429984501,39.603960396039604
3.797093638947155,40.4040404040404
3.818449398345809,39.21568627450981
4.153086962569267,38.83495145631068
4.028145704492358,38.46153846153846
4.192778710428268,37.03703703703704
4.644649041435654,38.095238095238095
5.1066572438632205,38.46153846153846
5.095339579894484,37.38317757009346
5.441862434661984,36.36363636363637
5.221363392709423,35.39823008849557
5.254016993458867,37.03703703703704
5.942178250584248,37.38317757009346
5.617469546989491,37.38317757009346
5.746654066816958,37.38317757009346
5.616416062251226,36.03603603603604
6.098648037609559,37.735849056603776
6.139880443242568,38.83495145631068
6.709375442701003,38.83495145631068
6.78832766354424,40.4040404040404
6.254383789778893,37.38317757009346
6.395462862215741,38.83495145631068
6.887826739102798,40.4040404040404
6.863828555418516,39.603960396039604
6.531897707219736,38.83495145631068
6.833902946224982,38.095238095238095
6.830750888011281,38.095238095238095
6.98558907030906,39.21568627450981
7.280227625849247,39.21568627450981
7.209368674193114,38.46153846153846
7.286029962362355,38.46153846153846
7.3618216427232746,39.21568627450981
7.836479383867402,40.0
7.778314202699678,40.816326530612244
7.720314208981343,41.23711340206186
7.587548335003065,40.816326530612244
7.848267031731386,41.23711340206186
7.902727539077045,43.956043956043956
8.312500910199331,44.44444444444444
8.083481016657123,43.956043956043956
8.34072040880252,43.01075268817204
8.30162591282569,43.47826086956522
8.256157098559386,43.01075268817204
8.986661553876406,45.45454545454545
9.511616358743748,45.45454545454545
8.892196056978232,43.47826086956522
8.505511146385022,43.47826086956522
9.142652798476883,47.05882352941177
9.361362657538955,46.51162790697674
9.578901682134369,46.51162790697674
8.82953844847409,45.97701149425287
10.837880371690336,50.0
10.28395801516839,48.78048780487805
9.595420052913475,46.51162790697674
9.463295232838739,47.61904761904762
10.529878999336294,50.0
9.9208228081858,50.0
9.924733042443247,47.61904761904762
9.911886870831205,48.19277108433735
10.005450957988467,48.78048780487805
9.791287102296732,47.61904761904762
10.501286075515338,50.0
10.0488893698509,48.19277108433735
11.046508256099877,51.282051282051285
10.56730168164688,50.63291139240506
10.200696430490275,48.78048780487805
11.2834339579581,50.63291139240506
11.108571830860019,50.0
9.83847997892763,49.382716049382715
11.141515755436124,51.282051282051285
10.428016872104411,50.0
10.984396801362438,51.94805194805195
10.978343562220648,51.282051282051285
11.882965947126314,52.63157894736842
11.150574592351555,51.282051282051285
11.864579263968219,54.054054054054056
12.363977814423853,56.33802816901409
11.324843909431493,51.282051282051285
11.210866461848372,49.382716049382715
11.227339839155254,51.94805194805195
11.2102049065735,50.0
11.856351330679471,52.63157894736842
10.966759248870781,51.282051282051285
12.44944047931244,53.333333333333336
11.736124957979081,52.63157894736842
12.255826135739715,52.63157894736842
12.142853569575559,54.054054054054056
12.30646268273553,54.054054054054056
12.4384550444666,52.63157894736842
11.99750864792189,53.333333333333336
12.411898291930644,55.55555555555556
12.07920891879518,54.054054054054056
12.027504114561705,54.794520547945204
12.770485546026961,56.33802816901409
12.66480726381946,52.63157894736842
12.319287885953077,54.054054054054056
12.179208379187829,54.794520547945204
12.834791400765393,56.33802816901409
12.503093863368253,54.054054054054056
12.089213744858643,52.63157894736842
12.962697659330674,54.794520547945204
12.464412654475009,54.794520547945204
12.901718680165484,54.794520547945204
12.988023664250155,57.142857142857146
12.920077691009748,55.55555555555556
12.049578383214731,54.794520547945204
12.256983077067602,56.33802816901409
12.674254023774317,55.55555555555556
13.284312635399013,54.794520547945204
13.158606685716087,57.142857142857146
13.056605205244804,53.333333333333336
13.783291101049905,58.8235294117647
12.961074593873445,54.794520547945204
12.881751598293054,54.794520547945204
12.615217577907995,54.054054054054056
13.469566431378407,56.33802816901409
14.066214871175351,57.971014492753625
13.786503793947873,56.33802816901409
13.952256606540999,58.8235294117647
13.011268626581526,57.142857142857146
13.270197393885233,56.33802816901409
12.862645139083728,55.55555555555556
13.614747331563652,57.971014492753625
13.574061165099177,54.054054054054056
13.351259735883746,55.55555555555556
13.587334737874022,57.142857142857146
14.592822460843369,57.971014492753625
14.358805781858614,57.142857142857146
12.972212380958812,56.33802816901409
15.069313951023176,58.8235294117647
14.430160617776567,57.142857142857146
14.012243980858518,57.142857142857146
12.707605829757945,53.333333333333336
12.888795157680942,56.33802816901409
14.102935615842098,59.701492537313435
12.234220524219532,54.794520547945204
14.845535579031237,59.701492537313435
12.64435736030003,54.054054054054056
13.963700795920046,57.142857142857146
13.976567447288973,56.33802816901409
13.165904787636755,54.794520547945204
14.08640897082699,57.142857142857146
14.614485356338387,57.971014492753625
13.592033477807473,54.794520547945204
13.85998296801809,55.55555555555556
13.063490531663682,54.054054054054056
13.526094843614398,55.55555555555556
14.57984885121655,57.971014492753625
15.311748037771931,60.60606060606061
14.116200409838173,57.142857142857146
13.273711170360334,57.971014492753625
14.056862311182998,56.33802816901409
15.149446736453282,60.60606060606061
14.210189774129189,57.971014492753625
13.721382470194941,55.55555555555556
13.60843781566945,55.55555555555556
14.053890282941584,56.33802816901409
13.670370380164636,56.33802816901409
15.768768659192354,58.8235294117647
13.72926961435126,59.701492537313435
13.005664001562382,56.33802816901409
15.286612446329446,57.142857142857146
14.263081607248411,57.142857142857146
15.537864434111873,57.971014492753625
15.05360009678468,58.8235294117647
14.837838583123574,57.971014492753625
15.030915496149383,57.142857142857146
14.969954902445362,58.8235294117647
13.901099402218989,57.142857142857146
14.80665523651711,58.8235294117647
14.934026449261394,59.701492537313435
15.363952498982428,58.8235294117647
15.008544704987804,58.8235294117647
14.52504630149771,59.701492537313435
15.262944668073715,57.142857142857146
16.23241888379914,59.701492537313435
15.148393889599568,58.8235294117647
15.60589584476727,59.701492537313435
15.100593429404253,60.60606060606061
14.514655958319088,57.971014492753625
14.474175641999347,57.971014492753625
14.887326455943631,58.8235294117647
14.925952878693208,58.8235294117647
14.599053722537507,57.971014492753625
13.9815154379951,57.142857142857146
14.240622803289757,58.8235294117647
14.684319297735744,57.971014492753625
15.610729032284267,60.60606060606061
15.246419155626104,57.971014492753625
14.823276568075174,59.701492537313435
16.0827849798945,58.8235294117647
14.776651564725157,58.8235294117647
15.449441671034704,58.8235294117647
15.35876333222902,58.8235294117647
15.307665285416633,60.60606060606061
16.356528925759118,63.492063492063494
15.025491595430482,58.8235294117647
15.9463669402828,62.5
15.723390300906082,63.492063492063494
16.849078283165007,62.5
15.88078414795615,62.5
16.280200322583084,60.60606060606061
15.651776278517048,61.53846153846154
15.633982110251946,61.53846153846154
16.069739629731362,61.53846153846154
16.661450397034425,64.51612903225806
15.10092825475861,61.53846153846154
16.760088312594398,62.5
16.064379200710345,58.8235294117647
16.76650587408335,62.5
16.46916440815245,64.51612903225806
16.704069156413926,61.53846153846154
15.028494501021566,59.701492537313435
16.74998500365984,63.492063492063494
16.451484111227902,63.492063492063494
14.583736395807788,57.971014492753625
16.484555308094166,61.53846153846154
16.982386782554862,62.5
15.83428238695884,61.53846153846154
15.976673776645612,60.60606060606061
15.29449935958591,61.53846153846154
16.630143068629692,62.5
15.664131059486639,62.5
17.44653100108122,64.51612903225806
16.748627777335262,62.5
15.747524711273375,60.60606060606061
15.688177420785404,62.5
17.088033265047144,61.53846153846154
16.639316666706474,63.492063492063494
14.04970550721219,59.701492537313435
15.399441161466067,59.701492537313435
16.404375470700984,61.53846153846154
15.539007903790914,61.53846153846154
17.20298224471,63.492063492063494
16.027214993415537,63.492063492063494
17.124882312169294,66.66666666666667
17.047666603289336,62.5
16.207722404351728,61.53846153846154
16.605319785499624,64.51612903225806
17.203640742249302,62.5
17.014052563332957,64.51612903225806
16.950799850416622,63.492063492063494
15.385432662701437,60.60606060606061
15.252621632913037,61.53846153846154
16.3313648380718,62.5
17.086487249683902,62.5
16.867693706184596,61.53846153846154
16.462730075675623,62.5
17.819632270445396,65.57377049180327
17.762662158148206,65.57377049180327
17.738922803391244,63.492063492063494
15.826507000650974,62.5
17.21185203322,63.492063492063494
16.988614426345407,61.53846153846154
16.955282375459806,64.51612903225806
16.926980785921067,64.51612903225806
17.375818253733893,63.492063492063494
18.470334700664537,66.66666666666667
17.69977525634611,67.79661016949153
17.425337291477437,64.51612903225806
17.93258263713656,64.51612903225806
18.032604517890213,65.57377049180327
18.548192542147095,63.492063492063494
17.57250072991467,65.57377049180327
17.951902403798993,66.66666666666667
18.469875661626343,66.66666666666667
19.3163680180349,67.79661016949153
17.832681451639623,65.57377049180327
19.18869320602905,65.57377049180327
19.58901326751651,70.17543859649123
18.439145156791994,67.79661016949153
18.98512732236395,68.96551724137932
17.451619624781898,64.51612903225806
18.57475207763234,67.79661016949153
19.0325794442283,70.17543859649123
18.530592481231768,65.57377049180327
18.6497775845666,65.57377049180327
18.25182811831789,67.79661016949153
17.243504877263373,64.51612903225806
18.84337253680896,70.17543859649123
18.474115393220902,67.79661016949153
17.19016096164844,65.57377049180327
19.203998838378673,66.66666666666667
21.29064404806122,74.07407407407408
17.484612920141714,67.79661016949153
18.533178024534035,67.79661016949153
20.339596584330092,68.96551724137932
19.47087542769469,68.96551724137932
18.2254995548289,67.79661016949153
18.87823481237649,68.96551724137932
18.44633754654008,67.79661016949153
20.300659617847806,74.07407407407408
18.989546393041415,68.96551724137932
19.476716374988204,72.72727272727273
19.43267799582332,68.96551724137932
19.757029222685066,66.66666666666667
18.461250901702275,67.79661016949153
19.28977107198493,66.66666666666667
20.327696408483583,68.96551724137932
18.683511240993194,65.57377049180327
19.093990389480027,68.96551724137932
20.322928000534695,72.72727272727273
19.70002815013714,68.96551724137932
19.01372145149294,72.72727272727273
20.893930122488705,76.92307692307692
20.684960695834686,70.17543859649123
19.53593627966511,72.72727272727273
17.82038294232941,68.96551724137932
19.096469065584255,68.96551724137932
18.856220697923384,70.17543859649123
19.10600260061792,67.79661016949153
20.554889385251887,72.72727272727273
20.66370688845883,72.72727272727273
19.36372140604721,71.42857142857143
19.96165150153774,72.72727272727273
20.523875609876242,74.07407407407408
20.595017058677968,72.72727272727273
21.69606212624154,74.07407407407408
20.245929928282504,76.92307692307692
21.84899573600598,80.0
19.896279778925795,70.17543859649123
19.365117228654494,71.42857142857143
20.978616041469497,74.07407407407408
19.44704167390855,74.07407407407408
20.16743105769284,75.47169811320755
17.875766729710985,70.17543859649123
20.513934038144228,76.92307692307692
19.200462556505528,72.72727272727273
22.55334934008418,83.33333333333333
21.71942863357006,80.0
19.966152101577183,74.07407407407408
21.539849188717536,76.92307692307692
20.302209805899697,74.07407407407408
22.451514497759327,78.43137254901961
20.081910277385408,75.47169811320755
23.078254372608107,76.92307692307692
22.304235287542188,78.43137254901961
20.7420045377072,75.47169811320755
20.866103370708668,71.42857142857143
22.145461231427088,75.47169811320755
19.78071550595846,68.96551724137932
20.33786923933432,74.07407407407408
22.440781788332302,78.43137254901961
23.102575611238013,78.43137254901961
21.396576074975684,74.07407407407408
20.72336207011359,71.42857142857143
23.207440306823425,81.63265306122449
22.941437657114694,80.0
23.822104905178165,78.43137254901961
22.621538254332634,78.43137254901961
21.138309640474226,76.92307692307692
22.460023573198395,80.0
21.206024136345697,76.92307692307692
21.985560394644516,80.0
23.605623885352575,80.0
21.84878561508131,78.43137254901961
18.762246946167785,72.72727272727273
23.74395988591158,81.63265306122449
20.264465558380678,74.07407407407408
20.622561624393132,80.0
21.772491483293532,78.43137254901961
21.12157962829691,80.0
22.85761935934897,80.0
21.397165895891572,74.07407407407408
22.44605798286091,83.33333333333333
21.229388195608447,75.47169811320755
20.617382353935216,78.43137254901961
20.222789085127264,74.07407407407408
22.93933898467828,80.0
21.228141246913736,74.07407407407408
25.075050753972686,83.33333333333333
19.9014473754098,74.07407407407408
21.82602547161043,75.47169811320755
21.841958293366922,81.63265306122449
21.04488648270735,78.43137254901961
22.19525677685692,75.47169811320755
22.79364764150884,78.43137254901961
23.610349121393696,80.0
22.10104297572782,81.63265306122449
22.70586717403239,81.63265306122449
24.209640523766538,83.33333333333333
20.711129747970293,80.0
22.151710569375368,80.0
20.734811583684234,76.92307692307692
21.470524393842005,76.92307692307692
22.234166564559658,81.63265306122449
21.300899350783055,78.43137254901961
21.69606382879421,81.63265306122449
22.29120054880934,78.43137254901961
20.489891027457478,75.47169811320755
25.088431585706353,86.95652173913044
21.788976439038027,80.0
23.92391379751673,85.1063829787234
24.98379828243533,90.9090909090909
23.371920215077477,83.33333333333333
23.15932643823512,86.95652173913044
24.927155990444056,90.9090909090909
21.40700856952214,81.63265306122449
22.489081506629496,85.1063829787234
23.874947692358376,88.88888888888889
24.93706803248623,93.02325581395348
27.16810571023735,95.23809523809524
24.98724015878271,90.9090909090909
25.027253600110512,88.88888888888889
23.440174602198464,85.1063829787234
24.01888210252734,86.95652173913044
23.664550190647535,86.95652173913044
24.610513943703555,86.95652173913044
24.323994359676895,93.02325581395348
23.159997636103757,86.95652173913044
24.09945215418999,86.95652173913044
24.688351504663373,93.02325581395348
26.690362104746175,95.23809523809524
26.05453437028843,93.02325581395348
25.48890770646611,97.5609756097561
24.465516394833685,93.02325581395348
24.99128074155282,97.5609756097561
21.836962129272678,86.95652173913044
26.294902759327403,97.5609756097561
27.361300609657974,97.5609756097561
25.16704869754178,95.23809523809524
24.60707187258425,93.02325581395348
25.926884853754267,95.23809523809524
22.536597581817787,88.88888888888889
23.004680758797452,86.95652173913044
23.282549646736747,85.1063829787234
25.919371583452254,93.02325581395348
23.363009755509015,90.9090909090909
24.34070633240881,93.02325581395348
22.872526248588855,86.95652173913044
24.599770408385847,88.88888888888889
24.296063324897144,86.95652173913044
24.004042110613987,90.9090909090909
28.859893731507373,100.0
26.589395060240545,95.23809523809524
25.94945109444081,95.23809523809524
26.63910445808071,97.5609756097561
24.50681168855366,88.88888888888889
24.825060453889204,93.02325581395348
25.953219951183705,95.23809523809524
25.469341535673216,95.23809523809524
24.990267849911085,88.88888888888889
24.219154080047954,90.9090909090909
25.05293854884545,90.9090909090909
24.817644491566615,90.9090909090909
25.480268638995412,93.02325581395348
26.091073328861036,90.9090909090909
29.07455688823046,100.0
24.36221729474671,90.9090909090909
24.262543972515683,90.9090909090909
30.120193861260375,105.26315789473684
28.075825697024374,102.56410256410257
28.36869105735164,100.0
26.58804591855349,95.23809523809524
27.893485204003714,97.5609756097561
27.562952423928028,100.0
30.950598504037607,111.11111111111111
27.056720338606425,100.0
28.928995600794742,102.56410256410257
25.821920571755477,97.5609756097561
28.241346666789784,105.26315789473684
25.9273775891313,95.23809523809524
28.104855834512772,105.26315789473684
31.501839733350568,117.6470588235294
22.01626934317093,90.9090909090909
28.600339623354657,108.10810810810811
25.96207637587421,100.0
26.792615320101152,95.23809523809524
28.257026611497356,100.0
25.055815410944334,93.02325581395348
23.615645245313043,88.88888888888889
29.50992705577928,102.56410256410257
28.37132249335274,100.0
29.72049952142138,102.56410256410257
28.26464008107738,100.0
28.84570557792241,102.56410256410257
27.825261266142434,100.0
26.27701015736235,95.23809523809524
30.8748446690424,111.11111111111111
27.631523348356477,95.23809523809524
31.984544333689986,108.10810810810811
29.772584972091096,105.26315789473684
28.951807006220978,102.56410256410257
25.742370172666565,93.02325581395348
32.81126861368174,114.28571428571429
30.869377828929245,108.10810810810811
28.851421117127746,102.56410256410257
28.885782218288544,102.56410256410257
29.993597289576368,105.26315789473684
28.559949568753872,100.0
27.99823953449777,100.0
30.195146370156476,105.26315789473684
28.96586037120396,105.26315789473684
29.91028000914877,105.26315789473684
31.581194970636073,111.11111111111111
29.69603504753099,108.10810810810811
27.50423666314501,97.5609756097561
31.695728870921357,114.28571428571429
29.29211739439904,102.56410256410257
29.76487064751379,105.26315789473684
30.870575524936264,105.26315789473684
28.99219231723552,102.56410256410257
33.92708103286482,114.28571428571429
30.127823913248804,111.11111111111111
28.66542687377764,108.10810810810811
28.791041572333203,114.28571428571429
27.918388417528924,108.10810810810811
32.297663207728355,117.6470588235294
28.257037997298074,108.10810810810811
31.517550535347834,114.28571428571429
30.16502996853186,108.10810810810811
29.57727786569348,105.26315789473684
31.06271174016278,111.11111111111111
32.81932841839793,114.28571428571429
27.354266143805297,100.0
27.313790328099948,102.56410256410257
32.23592535133554,121.21212121212122
29.810358963206085,105.26315789473684
29.902710669476736,108.10810810810811
31.01006805391124,114.28571428571429
30.139296645092852,108.10810810810811
29.201457429989752,108.10810810810811
30.057902176015443,105.26315789473684
30.165485861723795,108.10810810810811
32.35999077509046,114.28571428571429
37.605967860666446,129.03225806451613
29.80934270228269,105.26315789473684
34.13063682870021,125.0
36.8034894189429,133.33333333333334
34.0233537955082,114.28571428571429
34.54573662388907,114.28571428571429
32.68921271678729,114.28571428571429
37.523591419355064,133.33333333333334
37.477996966967055,125.0
30.84294517825365,114.28571428571429
35.787369380480925,129.03225806451613
34.05916199474617,121.21212121212122
32.6714717775998,117.6470588235294
34.972384364838014,121.21212121212122
34.02565023832648,117.6470588235294
35.026941088883675,117.6470588235294
29.010598262148683,108.10810810810811
34.57521664632788,121.21212121212122
35.16359906846179,129.03225806451613
41.29660825190616,142.85714285714286
33.14000333083819,121.21212121212122
42.11981479936397,142.85714285714286
41.463623982122314,142.85714285714286
33.301323317018195,117.6470588235294
36.73998308060676,125.0
39.91380483911651,133.33333333333334
31.27468553797953,114.28571428571429
37.95646049748192,129.03225806451613
37.158013376476475,133.33333333333334
34.072734590739,121.21212121212122
39.88895972321972,142.85714285714286
31.84657956600964,117.6470588235294
35.92235140082915,125.0
30.734822478816607,111.11111111111111
32.69524739066591,114.28571428571429
35.921655343747986,125.0
31.03866048529166,111.11111111111111
33.51184458645076,117.6470588235294
38.99990325154661,133.33333333333334
32.351270808409076,111.11111111111111
32.95383795319698,121.21212121212122
38.74422992946324,137.93103448275863
36.42926219214344,133.33333333333334
33.64413555483327,114.28571428571429
32.03067133003954,117.6470588235294
37.8738903526651,137.93103448275863
37.131379976117636,133.33333333333334
35.02869878144859,129.03225806451613
35.67433492837605,129.03225806451613
35.94171808303318,129.03225806451613
34.330994483858134,125.0
34.690666564041116,125.0
38.58003564801383,133.33333333333334
36.3193263472107,129.03225806451613
44.55574567930668,153.84615384615384
40.48648611855566,142.85714285714286
34.36977295608401,117.6470588235294
38.25619808847444,133.33333333333334
29.640382856837206,114.28571428571429
38.44046370366936,137.93103448275863
39.46429981809735,137.93103448275863
34.95327117798326,129.03225806451613
39.77111833848193,137.93103448275863
36.76729693602221,133.33333333333334
34.000997145517445,121.21212121212122
36.71179160067679,133.33333333333334
38.130562961606195,137.93103448275863
36.08846436082454,133.33333333333334
36.6384870720698,133.33333333333334
28.634084169883984,111.11111111111111
34.609588263097365,125.0
30.83316199704315,114.28571428571429
36.27207584207057,129.03225806451613
35.42180746191815,121.21212121212122
32.18198357127642,121.21212121212122
41.574179422370854,142.85714285714286
35.16550979529238,125.0
34.535506964557754,121.21212121212122
38.01440337228518,137.93103448275863
34.28611577283638,129.03225806451613
38.1532933619426,148.14814814814815
34.566734586541955,125.0
36.084186811156975,133.33333333333334
31.786689922659683,117.6470588235294
34.897674599528344,125.0
34.05456572641252,121.21212121212122
45.15368693207162,160.0
39.9128587168696,137.93103448275863
36.591522223687264,129.03225806451613
34.24802516870628,125.0
39.48902842205558,137.93103448275863
39.10414331084917,142.85714285714286
43.05013256257057,153.84615384615384
32.164769992996824,121.21212121212122
43.51209453565771,160.0
41.18640793261776,148.14814814814815
36.43016571900803,133.33333333333334
46.67993076451549,166.66666666666666
38.63002779314358,133.33333333333334
43.33789617959546,153.84615384615384
41.347195360842626,148.14814814814815
36.619389101937756,137.93103448275863
39.50157591554636,142.85714285714286
45.495403783144596,160.0
43.49116192224112,153.84615384615384
48.82494077185652,181.8181818181818
48.253237827306386,173.91304347826087
39.11949426394143,142.85714285714286
37.08718074536804,133.33333333333334
43.922681399149916,148.14814814814815
35.93956305157864,133.33333333333334
38.60664458502135,137.93103448275863
35.42115374857048,129.03225806451613
34.05896454865407,125.0
45.74020068596507,153.84615384615384
42.638892519590904,153.84615384615384
41.60557102863027,153.84615384615384
39.16234336116534,148.14814814814815
42.62660580154453,153.84615384615384
38.02492818793472,137.93103448275863
38.55075515577496,137.93103448275863
40.110852148632226,148.14814814814815
43.120398069473005,160.0
45.52792273850748,166.66666666666666
33.759132858296155,129.03225806451613
51.39119745159141,190.47619047619048
38.03893756325416,142.85714285714286
38.30451412654828,148.14814814814815
48.2406715017824,166.66666666666666
45.435248259074136,166.66666666666666
45.52383598740565,166.66666666666666
40.49320255146217,153.84615384615384
40.18041786209236,148.14814814814815
40.627829591991905,148.14814814814815
43.46785606400063,160.0
45.46753420047441,160.0
54.80403937565264,190.47619047619048
38.22448680840348,148.14814814814815
35.81157694943903,129.03225806451613
37.28189459016407,142.85714285714286
41.81548528084385,148.14814814814815
44.84175956200943,166.66666666666666
36.86565917612577,137.93103448275863
47.56703231472236,166.66666666666666
47.937182685434315,166.66666666666666
49.874396270025,173.91304347826087
45.949725557402616,166.66666666666666
43.523215333732416,153.84615384615384
42.06823796985349,153.84615384615384
42.02148216423674,153.84615384615384
47.70853824276082,166.66666666666666
45.01733761520889,160.0
45.34849457284729,153.84615384615384
42.04006971276318,153.84615384615384
48.22324192446199,173.91304347826087
42.86315234761038,153.84615384615384
56.87197040758985,190.47619047619048
39.006794727223514,142.85714285714286
42.109169847902685,142.85714285714286
52.44814646999359,173.91304347826087
47.52323678161951,173.91304347826087
48.05939494533492,173.91304347826087
57.80712391425318,200.0
41.78474146229506,153.84615384615384
43.41307012106077,153.84615384615384
39.011511656632095,137.93103448275863
49.48803600044409,181.8181818181818
41.946915109256146,148.14814814814815
45.27406131274766,153.84615384615384
46.42919446510869,166.66666666666666
32.259766150388515,125.0
32.976631228727484,121.21212121212122
45.57827676561718,160.0
46.03621752638903,160.0
40.22408685178095,142.85714285714286
37.32997952324281,142.85714285714286
48.46286950695124,173.91304347826087
43.47086298384467,153.84615384615384
45.50762587557231,160.0
47.1737732215153,166.66666666666666
55.02607370602428,190.47619047619048
50.11489556349441,166.66666666666666
47.81312964366443,166.66666666666666
38.49383485624549,137.93103448275863
52.51940946437537,181.8181818181818
44.190996852835504,153.84615384615384
45.58500591405137,160.0
55.50684978063972,190.47619047619048
41.583143017875955,148.14814814814815
48.20220690793036,173.91304347826087
51.08631761325982,181.8181818181818
47.505875923787315,160.0
40.71480957827164,142.85714285714286
44.18798234526684,153.84615384615384
55.217554667479874,190.47619047619048
47.350875659053,166.66666666666666
45.64225848545134,166.66666666666666
54.86083098377534,200.0
47.58930067736757,166.66666666666666
54.86882107595023,190.47619047619048
48.203848507881126,173.91304347826087
52.79382006086076,181.8181818181818
52.928424219717435,181.8181818181818
60.387394877901684,210.52631578947367
60.91268690999391,200.0
53.18707540152527,181.8181818181818
58.14782624534985,200.0
48.20861007730118,173.91304347826087
59.03911384711959,200.0
41.86209554325482,148.14814814814815
47.66866923983517,160.0
48.04397573337892,173.91304347826087
58.264326760506876,200.0
59.97467469448674,200.0
58.45654472359085,200.0
50.644164877734234,173.91304347826087
48.13463880925961,173.91304347826087
45.37574042077487,166.66666666666666
39.09432575528069,142.85714285714286
51.91687163412698,181.8181818181818
49.18175100750217,173.91304347826087
46.005308071055644,166.66666666666666
48.19426745417301,166.66666666666666
52.941388512843204,190.47619047619048
62.25173053018485,222.22222222222223
41.02422312020159,148.14814814814815
62.965519629288195,210.52631578947367
59.689717097458264,200.0
53.37185393337189,190.47619047619048
52.6412262845595,181.8181818181818
50.36037396532814,181.8181818181818
58.61653138041074,200.0
50.74561279291473,181.8181818181818
49.30550896397224,173.91304347826087
46.979390254421645,160.0
59.37518731571212,200.0
43.33596122669999,153.84615384615384
60.17614713358218,210.52631578947367
50.96936620667474,181.8181818181818
56.53330454693679,200.0
47.75275367340182,166.66666666666666
53.02888582491144,181.8181818181818
67.9149641865861,235.2941176470588
62.537171703517274,210.52631578947367
52.296607526548094,181.8181818181818
64.05174365729775,210.52631578947367
62.54007702596937,210.52631578947367
60.69439478821682,210.52631578947367
69.5040750370981,235.2941176470588
59.69031105821415,210.52631578947367
66.55006883982514,222.22222222222223
73.06858996761379,250.0
43.5269693943054,160.0
53.37388043825764,190.47619047619048
48.53797868937718,166.66666666666666
54.62435582110858,190.47619047619048
46.06319959866655,160.0
58.316272597337544,200.0
61.89606071422459,200.0
67.74263535381945,222.22222222222223
49.80902002526265,173.91304347826087
59.012973123302984,200.0
53.71326103103572,181.8181818181818
63.37916803464581,222.22222222222223
57.179320817067705,200.0
68.03008899408736,222.22222222222223
59.02916781987658,210.52631578947367
74.80392121463906,250.0
65.01553022250121,222.22222222222223
71.86254955460697,235.2941176470588
61.89232272704149,210.52631578947367
60.277380439833536,210.52631578947367
62.617640038073965,222.22222222222223
56.50305977904653,200.0
61.58377923776288,222.22222222222223
51.998703517361776,190.47619047619048
53.26617363129142,181.8181818181818
50.420266883508354,173.91304347826087
50.97607109823486,181.8181818181818
51.62532713507708,181.8181818181818
51.16830176085426,173.91304347826087
61.38406817273912,210.52631578947367
65.22317878439225,222.22222222222223
61.47397415082455,210.52631578947367
54.278581514896096,190.47619047619048
60.503242467903725,200.0
51.81107632498933,181.8181818181818
60.95146725414957,210.52631578947367
54.97394345523279,190.47619047619048
63.825372881243716,222.22222222222223
54.11937274042252,190.47619047619048
50.33522505060136,173.91304347826087
41.54841918889806,160.0
40.21323809567024,148.14814814814815
52.248097062362376,181.8181818181818
44.28242325777796,160.0
45.39312657033208,166.66666666666666
59.93690303490465,210.52631578947367
53.89315101831425,181.8181818181818
50.537883819819164,173.91304347826087
63.87397623678846,222.22222222222223
53.76430427994262,181.8181818181818
59.48530879199406,200.0
49.36914665816357,173.91304347826087
50.760874853358374,190.47619047619048
50.056927086548235,181.8181818181818
55.46152945172716,190.47619047619048
54.3964360745592,190.47619047619048
53.613138511324735,190.47619047619048
75.12570629364114,250.0
57.09459524766574,200.0
81.74511625485147,266.6666666666667
66.68008889787154,222.22222222222223
54.12181996578346,190.47619047619048
62.03358145231786,222.22222222222223
54.05151736082347,190.47619047619048
56.39253493045586,200.0
46.74793203453034,166.66666666666666
54.56565128383651,190.47619047619048
50.44465042711334,181.8181818181818
51.807912456333085,190.47619047619048
48.525578432045805,173.91304347826087
61.51104686110046,210.52631578947367
54.171739060105665,181.8181818181818
40.35567590788875,148.14814814814815
48.54837697346923,173.91304347826087
56.30027775804745,190.47619047619048
59.26533690215797,210.52631578947367
55.19901082259166,190.47619047619048
56.51473208150327,190.47619047619048
64.45753770313456,210.52631578947367
51.213316207058625,181.8181818181818
48.041320781915545,173.91304347826087
50.729830025227834,181.8181818181818
52.4819180296042,181.8181818181818
49.06261313463917,173.91304347826087
52.40640177477474,190.47619047619048
59.85005378573459,210.52631578947367
46.28075723233592,166.66666666666666
55.96955055736551,200.0
54.24702737793762,190.47619047619048
74.25571045608274,250.0
55.34951277838798,190.47619047619048
49.093027589757504,173.91304347826087
65.0448548136849,222.22222222222223
60.145137443421355,210.52631578947367
47.70181372622204,166.66666666666666
62.11035450825081,210.52631578947367
53.46928674725461,190.47619047619048
47.01082091367369,181.8181818181818
55.50405744841747,200.0
61.27858735257788,210.52631578947367
59.578022009491086,200.0
56.851899854267266,190.47619047619048
70.99506979742276,235.2941176470588
60.28173271925913,210.52631578947367
54.20575741416949,190.47619047619048
65.16854384172981,210.52631578947367
46.51843961833978,166.66666666666666
65.88727752046778,222.22222222222223
75.75898106290188,250.0
58.41785308375779,200.0
52.91457578146947,181.8181818181818
47.60736042830573,166.66666666666666
78.00879335778957,250.0
58.39055773960803,200.0
54.9064410503451,190.47619047619048
49.38788523965662,181.8181818181818
48.49329269815247,173.91304347826087
59.04288497148837,210.52631578947367
78.0654115834794,250.0
69.7184685465071,235.2941176470588
61.239128421099274,210.52631578947367
59.08625799936529,210.52631578947367
60.109093606946544,222.22222222222223
62.31633681364721,222.22222222222223
81.09682570809508,266.6666666666667
60.897294388549724,210.52631578947367
49.88544648072437,181.8181818181818
64.2439040121593,222.22222222222223
48.84449317520141,181.8181818181818
59.28963579918652,200.0
71.61238877397173,235.2941176470588
80.92542880985647,266.6666666666667
59.67286141049963,200.0
64.22287195550102,222.22222222222223
50.40266356076866,173.91304347826087
62.51297103364502,210.52631578947367
66.34069677956097,222.22222222222223
75.12775163627052,250.0
65.16620717812914,222.22222222222223
66.69380460101489,222.22222222222223
57.53284288026238,190.47619047619048
66.24743678594783,222.22222222222223
69.51666988292565,235.2941176470588
54.44598686080337,200.0
50.50323605917964,173.91304347826087
95.76789198684119,307.6923076923077
71.7903091488509,235.2941176470588
50.65985829833709,181.8181818181818
64.56481917959212,222.22222222222223
63.64497056478498,222.22222222222223
60.86183623233093,210.52631578947367
65.14543843178085,222.22222222222223
74.06370804917427,250.0
62.58148621668153,222.22222222222223
56.520283542851,200.0
57.41788159077305,210.52631578947367
53.21744369726955,190.47619047619048
64.40761317924893,222.22222222222223
56.647359524182775,200.0
69.09311485393694,235.2941176470588
62.034768896808,210.52631578947367
61.455389760343834,210.52631578947367
53.27780164335014,181.8181818181818
55.6500359937173,200.0
62.041346699638936,210.52631578947367
59.01000646455192,210.52631578947367
60.2700566793991,210.52631578947367
60.09835525142222,210.52631578947367
65.75808003767101,222.22222222222223
70.52397244691251,235.2941176470588
62.68247269021621,210.52631578947367
50.299987975674306,173.91304347826087
74.97320236058384,250.0
63.02301973655615,210.52631578947367
72.00300187272877,235.2941176470588
52.484153719192534,190.47619047619048
64.00883878363767,222.22222222222223
54.62130200321292,200.0
55.62082760345627,190.47619047619048
84.17351461360406,285.7142857142857
56.750729803937226,200.0
59.522696404474665,210.52631578947367
63.038039481749294,210.52631578947367
51.57818450762517,190.47619047619048
85.62307108661379,285.7142857142857
73.33432660648364,250.0
75.99572177674125,250.0
70.95036357414843,250.0
77.03356988098653,250.0
71.33910964803655,235.2941176470588
62.269986846709976,210.52631578947367
64.16341119751381,210.52631578947367
48.90907569522106,173.91304347826087
60.77331079552766,210.52631578947367
52.336564784991566,190.47619047619048
71.46125139734193,235.2941176470588
49.74594161944825,173.91304347826087
66.84303334165415,235.2941176470588
54.05968357677623,210.52631578947367
71.61796799137876,250.0
83.79576720797543,266.6666666666667
65.66943405944515,222.22222222222223
76.64653150057336,250.0
69.79445644172726,235.2941176470588
67.02375448699371,222.22222222222223
85.58252029268097,285.7142857142857
53.572809790760004,190.47619047619048
71.2177353172063,235.2941176470588
81.32661655933423,266.6666666666667
48.311418522612875,181.8181818181818
65.13903211399675,222.22222222222223
53.19084354437805,200.0
69.78180532821155,235.2941176470588
104.01872741505258,333.3333333333333
96.98901359717782,307.6923076923077
62.48878555812455,210.52631578947367
67.7415607801812,222.22222222222223
83.98357098668224,266.6666666666667
79.22284437332537,266.6666666666667
78.03376132388533,250.0
65.88539904424613,235.2941176470588
82.1778504064031,285.7142857142857
72.95893956747531,250.0
45.048588683467166,166.66666666666666
77.04318007314042,250.0
65.56177914570465,222.22222222222223
74.4635343049097,250.0
68.49574169621037,235.2941176470588
53.79145626993413,181.8181818181818
54.70333042961371,190.47619047619048
59.3423176990876,210.52631578947367
65.42014914271277,222.22222222222223
70.7100571633894,235.2941176470588
68.74817295662052,235.2941176470588
66.0244892807487,222.22222222222223
58.96778992406955,200.0
65.14414197945706,222.22222222222223
65.62594226433994,222.22222222222223
65.68782241963773,222.22222222222223
61.91017932978406,210.52631578947367
81.74383713378414,266.6666666666667
88.76032059675802,285.7142857142857
74.33506149435232,250.0
116.5122529784158,363.6363636363636
81.19233347335641,266.6666666666667
55.985778204313384,200.0
77.9472649684524,266.6666666666667
73.58254347042156,250.0
104.47179038434746,333.3333333333333
53.1501526372157,190.47619047619048
55.82436840278187,200.0
104.33871524644167,333.3333333333333
88.80701665274451,285.7142857142857
53.93200548924915,200.0
64.38159876764391,222.22222222222223
60.46532859203701,210.52631578947367
60.41256237218882,222.22222222222223
54.4403309458145,200.0
95.30747010661784,307.6923076923077
79.33681928428952,266.6666666666667
93.36229151368914,307.6923076923077
80.95761487219215,266.6666666666667
80.0181061441702,266.6666666666667
79.55876673985706,266.6666666666667
80.92369992082597,266.6666666666667
79.69890106503469,266.6666666666667
70.34422590844672,235.2941176470588
74.69140842806698,250.0
62.78092035296707,210.52631578947367
49.58000813437504,181.8181818181818
88.13782880240161,285.7142857142857
69.93990491571697,235.2941176470588
95.72692445655018,307.6923076923077
66.00440736524935,222.22222222222223
114.47529235088729,363.6363636363636
65.70755920520344,235.2941176470588
69.75676308367164,235.2941176470588
62.70800869274149,222.22222222222223
57.00043003458249,200.0
77.02608740099231,250.0
69.92516528755971,235.2941176470588
74.66268207372389,250.0
90.62602257047737,285.7142857142857
71.82618062036347,235.2941176470588
69.41991770425835,235.2941176470588
62.460973052472454,222.22222222222223
81.0714335374091,266.6666666666667
82.47653470043005,266.6666666666667
88.34748719801318,285.7142857142857
90.04786543815628,285.7142857142857
60.98478793725711,210.52631578947367
98.69076967128578,307.6923076923077
67.86463498037767,235.2941176470588
80.12457912555448,266.6666666666667
84.47215897603442,285.7142857142857
67.69008396145846,222.22222222222223
76.67240618487513,266.6666666666667
79.8842310352765,266.6666666666667
86.14668416765099,285.7142857142857
63.6236620752911,210.52631578947367
50.05842491256033,181.8181818181818
63.372505358824974,222.22222222222223
68.31326107123928,235.2941176470588
105.59179604793933,333.3333333333333
75.58542286666199,250.0
74.98788727204561,250.0
78.04038646456614,250.0
69.64118170277858,235.2941176470588
72.66459932469672,235.2941176470588
73.62743241914193,250.0
79.9120029937847,266.6666666666667
104.05517097260247,333.3333333333333
85.503972872917,285.7142857142857
71.48122210650921,235.2941176470588
68.30380816424774,235.2941176470588
79.13977229459798,250.0
82.48069195507183,266.6666666666667
69.66563586829706,235.2941176470588
77.98192899641374,266.6666666666667
82.42014794687627,266.6666666666667
63.990191285239085,222.22222222222223
67.17290844439393,235.2941176470588
86.51886792682328,285.7142857142857
75.52617739197115,250.0
96.50206949848983,307.6923076923077
89.144130101168,285.7142857142857
83.77070232560531,266.6666666666667
77.92360076685401,250.0
103.27930945388107,333.3333333333333
73.33327256287512,235.2941176470588
73.4581246793036,250.0
73.24910971726581,250.0
83.85783962094203,266.6666666666667
108.89122486054868,333.3333333333333
83.76798522137092,266.6666666666667
66.64154303464855,222.22222222222223
107.74907302613151,333.3333333333333
73.1232558951742,235.2941176470588
55.729760307846995,190.47619047619048
67.35904730668362,210.52631578947367
76.4472944857553,250.0
94.87598337306856,307.6923076923077
70.96813120005504,235.2941176470588
74.15070353948985,235.2941176470588
87.9240930076238,266.6666666666667
134.0299952444425,400.0
90.51560563804803,285.7142857142857
59.53791518008487,200.0
93.09621730468757,285.7142857142857
91.98138747975725,285.7142857142857
99.70031633815915,307.6923076923077
72.05443017827602,235.2941176470588
74.50329259227802,250.0
65.87763656025218,222.22222222222223
94.81180864244627,307.6923076923077
90.30652781803319,285.7142857142857
63.57599957878833,210.52631578947367
83.65441319244043,266.6666666666667
108.26471843588142,333.3333333333333
91.01057227627534,285.7142857142857
89.17348445566829,285.7142857142857
98.24063695826479,307.6923076923077
74.53359360975188,250.0
48.55691785806548,181.8181818181818
80.86037884546337,266.6666666666667
81.33888176052518,266.6666666666667
77.23768514028112,250.0
80.96418252493719,266.6666666666667
66.48821950630564,222.22222222222223
82.64151121004738,266.6666666666667
97.96127076182727,307.6923076923077
67.3180915580721,222.22222222222223
120.8212954054235,363.6363636363636
84.03701691104722,266.6666666666667
100.9913220636529,307.6923076923077
91.20501052306432,285.7142857142857
79.75513335587715,250.0
108.6472973126106,333.3333333333333
121.3757649272642,363.6363636363636
70.75395920086297,235.2941176470588
58.478059732226974,200.0
72.13217234266517,235.2941176470588
92.82199317427902,285.7142857142857
103.63565967686219,333.3333333333333
73.42588113918043,235.2941176470588
89.20210553810183,285.7142857142857
79.39098708377057,250.0
94.35141794858608,285.7142857142857
100.2492637557222,307.6923076923077
86.39321965143851,266.6666666666667
87.49096243756273,266.6666666666667
71.49174930537255,235.2941176470588
74.41022370232739,235.2941176470588
90.60280970061258,285.7142857142857
58.50939113810806,190.47619047619048
72.49665629730322,235.2941176470588
71.2977803889151,235.2941176470588
72.55751216578362,235.2941176470588
92.56718716323996,285.7142857142857
109.71882143831216,333.3333333333333
66.56558186239069,222.22222222222223
108.36973898076839,333.3333333333333
89.36098568145962,285.7142857142857
76.95037532522998,250.0
67.6856322016032,222.22222222222223
91.82245946183693,285.7142857142857
111.85602437277986,333.3333333333333
112.52870320274197,333.3333333333333
93.75794599617885,285.7142857142857
88.21704092435189,266.6666666666667
89.60144397911094,285.7142857142857
67.35721124943679,222.22222222222223
98.88510033902017,307.6923076923077
93.6066912176595,285.7142857142857
102.22124680595287,307.6923076923077
90.63890237714507,285.7142857142857
98.305516237524,307.6923076923077
83.74860160586464,266.6666666666667
84.75422255735323,266.6666666666667
108.35680004076262,333.3333333333333
88.22284365702386,285.7142857142857
76.71594742795526,250.0
111.16155930458977,333.3333333333333
66.0264194662729,222.22222222222223
108.33618265740371,333.3333333333333
84.48933976376824,266.6666666666667
76.07295253912548,250.0
86.15481854140903,285.7142857142857
80.02558302909651,250.0
65.63270283308779,222.22222222222223
118.69385364912127,363.6363636363636
73.09809146639842,235.2941176470588
73.61308704884505,235.2941176470588
77.93432860842836,250.0
70.9568547336761,222.22222222222223
75.07390824704117,235.2941176470588
75.49507782659964,235.2941176470588
83.95099987624756,266.6666666666667
85.36849374978638,266.6666666666667
92.88628154902638,285.7142857142857
77.81534233534214,250.0
84.17612587765753,266.6666666666667
86.27470056943554,266.6666666666667
53.61255934852748,190.47619047619048
98.50353612368778,307.6923076923077
80.43297715803205,250.0
79.01050218028486,250.0
73.06859396130764,235.2941176470588
58.502506329645236,200.0
91.58578986775021,285.7142857142857
85.92130934952284,266.6666666666667
75.74953388760414,250.0
78.41117725845125,250.0
88.40153907800348,285.7142857142857
97.40573404120981,307.6923076923077
134.5076504017334,400.0
81.47541124579524,266.6666666666667
72.8307345934611,235.2941176470588
91.72194110612837,285.7142857142857
91.04752919475393,285.7142857142857
88.7157716679328,285.7142857142857
98.44479623233156,307.6923076923077
110.35864569979545,333.3333333333333
77.80882581641322,250.0
89.69270236069545,285.7142857142857
82.93991432688848,266.6666666666667
100.68189269873785,307.6923076923077
102.1406004799073,307.6923076923077
75.83069071843474,250.0
112.49257918596165,333.3333333333333
93.58043169591056,285.7142857142857
83.85134440433816,266.6666666666667
109.2662319693182,333.3333333333333
104.26230973880472,307.6923076923077
70.13783209652615,235.2941176470588
103.96796154015573,307.6923076923077
99.351376759117,307.6923076923077
103.5305151490231,307.6923076923077
111.28725849727579,333.3333333333333
93.78898044576165,285.7142857142857
99.76115558713687,307.6923076923077
107.61962188551355,333.3333333333333
92.87406258169312,285.7142857142857
78.41894425133776,250.0
99.57188562477457,307.6923076923077
89.59968740498051,285.7142857142857
90.42681221938791,285.7142857142857
102.92669125368208,307.6923076923077
70.56232775788635,235.2941176470588
77.38377213194538,235.2941176470588
92.23709704917584,285.7142857142857
100.50774832799652,307.6923076923077
99.17240705483661,307.6923076923077
80.55768274469932,266.6666666666667
86.02730663862715,266.6666666666667
101.61762287461258,307.6923076923077
85.04767620712512,266.6666666666667
96.69401725631536,307.6923076923077
121.51675489950753,363.6363636363636
125.08238192179186,363.6363636363636
128.4279942658079,363.6363636363636
93.23409605423184,285.7142857142857
102.45666542931674,307.6923076923077
103.6250536507025,307.6923076923077
76.84170558633645,250.0
93.05790424672702,285.7142857142857
138.207974806639,400.0
90.72334630842792,285.7142857142857
100.07109448272118,307.6923076923077
87.06473162671504,266.6666666666667
98.34226293094594,307.6923076923077
97.33010983210008,307.6923076923077
99.37127858209679,307.6923076923077
121.29229222367654,363.6363636363636
94.48663157569226,285.7142857142857
64.97265602706332,222.22222222222223
101.15395545365787,307.6923076923077
85.3757849168418,266.6666666666667
85.85101498217068,266.6666666666667
84.66284637143238,266.6666666666667
62.854879583862875,210.52631578947367
91.20200382114706,285.7142857142857
77.74795838628575,250.0
71.52587120247487,222.22222222222223
85.0249387324877,266.6666666666667
93.87536064092238,285.7142857142857
103.1320728263172,307.6923076923077
79.59780176898755,250.0
96.00383950348804,307.6923076923077
78.66543935893071,250.0
81.89578901860554,250.0
75.05528604330287,235.2941176470588
94.48255228854615,285.7142857142857
88.84730916164577,266.6666666666667
94.38182025917551,285.7142857142857
84.27342165689745,266.6666666666667
82.76668416608857,250.0
86.72728526639361,266.6666666666667
74.91635729199567,235.2941176470588
71.24532791742307,222.22222222222223
68.775226226251,222.22222222222223
86.56703474217969,266.6666666666667
79.60632515720934,250.0
93.88901739747583,285.7142857142857
93.78313439922502,285.7142857142857
78.91672019727359,250.0
70.7539749371325,222.22222222222223
74.18815082253474,235.2941176470588
71.54321155241354,222.22222222222223
64.05597525361681,210.52631578947367
102.44120587169878,307.6923076923077
92.77821958884411,285.7142857142857
103.06483599653656,307.6923076923077
91.6469896289231,285.7142857142857
89.13865823036878,266.6666666666667
80.70624730241599,250.0
136.09886474433026,400.0
78.95059984015933,250.0
101.01986057464777,307.6923076923077
58.9031926558388,200.0
57.12542087424155,190.47619047619048
77.91463665436765,250.0
88.61627652515435,266.6666666666667
98.55015344039953,285.7142857142857
77.79455375151976,250.0
78.624700973243,250.0
102.95946732258382,307.6923076923077
84.23214787805958,266.6666666666667
78.94638821443647,250.0
63.69026037341545,210.52631578947367
73.39123478523709,235.2941176470588
96.52305651843578,307.6923076923077
66.28102373750295,222.22222222222223
78.92375685032867,250.0
70.67174827823604,235.2941176470588
86.20506394611759,266.6666666666667
76.37692582851602,250.0
107.16086556917831,333.3333333333333
89.80085503076738,285.7142857142857
90.61635266760918,285.7142857142857
93.26521493339614,285.7142857142857
86.1817321972187,266.6666666666667
93.4011998466901,285.7142857142857
55.374922564499805,190.47619047619048
93.6754461704011,285.7142857142857
95.16776143657911,285.7142857142857
64.50427694579906,210.52631578947367
73.25573924560716,235.2941176470588
80.87333734467293,250.0
88.60049281901162,266.6666666666667
86.03021087637465,266.6666666666667
82.07055816324825,266.6666666666667
87.25766516759656,266.6666666666667
85.39349487592749,266.6666666666667
101.7147327531364,307.6923076923077
101.11723312417818,307.6923076923077
93.87494611378044,285.7142857142857
78.90647631565486,250.0
82.33194154350733,250.0
80.82965279237452,250.0
84.08715883884436,266.6666666666667
103.25084959039427,307.6923076923077
80.49616187826452,266.6666666666667
105.26563054991678,307.6923076923077
66.28134357205766,222.22222222222223
106.32373619092006,333.3333333333333
84.25671253304596,266.6666666666667
88.43809746520444,266.6666666666667
98.6767707912141,307.6923076923077
76.89301784316538,250.0
92.49530528282602,285.7142857142857
78.97745565955883,250.0
114.69005922073876,333.3333333333333
100.74050989461207,307.6923076923077
82.7776750146735,266.6666666666667
109.53291377672925,333.3333333333333
108.60028921857632,333.3333333333333
73.25155838548221,250.0
76.28118308735995,250.0
82.70896931549002,266.6666666666667
81.77957983305458,266.6666666666667
101.81210430461732,307.6923076923077
86.56373838226497,266.6666666666667
80.20262400543521,266.6666666666667
105.8011474066072,333.3333333333333
122.05038123184721,363.6363636363636
103.02192822882756,307.6923076923077
85.67081499856998,266.6666666666667
81.49708686518616,250.0
69.63230125615257,235.2941176470588
69.30299464288198,222.22222222222223
128.30418689493098,363.6363636363636
72.83314170724883,235.2941176470588
57.668061355318436,200.0
89.49290909851996,285.7142857142857
79.04246124715308,250.0
114.95605670447354,333.3333333333333
86.60317109700655,266.6666666666667
69.73789818201722,222.22222222222223
84.76253192326786,266.6666666666667
92.74778601621304,285.7142857142857
106.16364442999111,333.3333333333333
94.26573050765373,285.7142857142857
105.17937748489712,307.6923076923077
107.15769969175919,333.3333333333333
78.99611219089313,250.0
79.01054083551071,250.0
97.73527888060563,285.7142857142857
104.24714338282979,307.6923076923077
79.5058986759094,250.0
97.16673546961837,285.7142857142857
66.1026433630816,210.52631578947367
80.41601427111014,250.0
91.09301165883873,285.7142857142857
82.7002815615891,266.6666666666667
118.95607738624629,363.6363636363636
98.88786829290629,307.6923076923077
69.43246175679191,222.22222222222223
102.11061798892106,307.6923076923077
124.23763817689085,363.6363636363636
104.78781199437375,307.6923076923077
109.95987176741333,333.3333333333333
77.89252835432953,250.0
76.60400845848861,250.0
84.50662767722869,266.6666666666667
90.58274627687874,266.6666666666667
94.73900081662121,285.7142857142857
103.32317036483431,307.6923076923077
102.15984319110602,307.6923076923077
92.98211811085356,285.7142857142857
88.05872355336709,266.6666666666667
95.0446561858325,285.7142857142857
83.517722413838,250.0
80.38653669797733,250.0
104.32314152266949,307.6923076923077
88.48317312801179,266.6666666666667
74.87830373251613,235.2941176470588
72.398114346476,235.2941176470588
71.18630419514159,235.2941176470588
102.42948799037293,307.6923076923077
94.5075765202328,285.7142857142857
92.523362165784,285.7142857142857
93.12378539950214,285.7142857142857
140.59829163340902,400.0
111.18436399353025,333.3333333333333
96.02814416814692,285.7142857142857
75.53876124281328,235.2941176470588
80.28622853598449,250.0
79.26527572532773,250.0
88.49629509166,266.6666666666667
103.74595559198329,307.6923076923077
101.07348955202018,307.6923076923077
72.9720338050167,235.2941176470588
75.81155594503349,235.2941176470588
92.4189509666257,285.7142857142857
96.06858764097079,285.7142857142857
75.13496603104161,235.2941176470588
101.67498471178077,307.6923076923077
88.32623478600735,266.6666666666667
82.73800623548101,250.0
79.77288134535192,250.0
66.87509247477928,210.52631578947367
89.81135633794969,266.6666666666667
73.28018210966414,235.2941176470588
88.10508118451227,266.6666666666667
114.41325503938708,333.3333333333333
110.3283329852987,333.3333333333333
75.14868309298579,235.2941176470588
90.36071926968326,266.6666666666667
74.10607264895452,235.2941176470588
73.5858025641967,235.2941176470588
78.74007949627999,250.0
93.17899270840473,285.7142857142857
104.49451590708509,307.6923076923077
86.39659727098832,266.6666666666667
86.51834208819264,266.6666666666667
80.4841463723584,250.0
94.58412095350198,285.7142857142857
96.5476918550363,285.7142857142857
103.32878126713356,307.6923076923077
92.49869869357371,285.7142857142857
85.12156399824559,266.6666666666667
92.96389252667223,285.7142857142857
93.03515901350603,285.7142857142857
125.91497972032151,363.6363636363636
96.22804552915112,285.7142857142857
94.07732896084313,285.7142857142857
98.46016878130402,307.6923076923077
91.91507192423812,285.7142857142857
91.05620249012502,285.7142857142857
134.81465020957393,400.0
104.24777891196376,307.6923076923077
90.724668588901,285.7142857142857
85.04698596120127,266.6666666666667
117.1352544510625,333.3333333333333
71.20353394158376,222.22222222222223
72.86512128841558,235.2941176470588
91.42783128855176,285.7142857142857
101.11225500359083,307.6923076923077
96.8791068770677,285.7142857142857
107.10259215806512,307.6923076923077
96.44204483666233,285.7142857142857
127.03397627188232,363.6363636363636
92.22438443355144,285.7142857142857
54.025653016911996,190.47619047619048
73.47049897876164,235.2941176470588
125.37999612176533,363.6363636363636
91.33885825469447,285.7142857142857
101.47117079044271,307.6923076923077
123.09186072281523,363.6363636363636
84.23481105219425,266.6666666666667
86.8399644395553,266.6666666666667
114.82973841395987,333.3333333333333
95.42143639452243,285.7142857142857
122.98384432267223,363.6363636363636
89.1687918112386,266.6666666666667
83.19264847665755,266.6666666666667
125.94032270629022,363.6363636363636
69.97099491869666,222.22222222222223
94.91481852678773,285.7142857142857
97.82902861935635,285.7142857142857
94.88208036316853,285.7142857142857
113.31303651775477,333.3333333333333
116.48046176390966,333.3333333333333
84.02134387981741,266.6666666666667
125.36508877945795,363.6363636363636
95.38013145283288,285.7142857142857
100.45739400456131,307.6923076923077
95.5886496063794,285.7142857142857
103.92077788322146,307.6923076923077
86.66899855042817,266.6666666666667
126.47023253812877,363.6363636363636
86.50751590787189,266.6666666666667
79.8416382192083,250.0
84.5463673800161,266.6666666666667
85.44184487567841,266.6666666666667
121.04852423142606,363.6363636363636
94.62545372152577,285.7142857142857
123.25535891712975,363.6363636363636
87.64770752034975,266.6666666666667
97.52216646801348,285.7142857142857
82.39971165940045,250.0
90.57746931329248,266.6666666666667
76.81628433039043,250.0
116.86795412129254,333.3333333333333
124.39823458147383,363.6363636363636
86.48427987982399,266.6666666666667
85.51844217807766,266.6666666666667
103.88993836945032,307.6923076923077
94.46655109845626,285.7142857142857
113.99957415286661,333.3333333333333
68.61225159078683,222.22222222222223
113.00164600770171,333.3333333333333
82.62164282119483,250.0
95.67911189850763,285.7142857142857
128.84878702398913,363.6363636363636
80.78790240020662,250.0
86.10411440528607,266.6666666666667
76.03005691418335,235.2941176470588
82.17383272989997,250.0
96.64176720973128,285.7142857142857
127.87868601037849,363.6363636363636
86.33240138593844,266.6666666666667
104.70595340946156,307.6923076923077
71.65230381816234,222.22222222222223
124.3565328857641,363.6363636363636
81.76357114196924,250.0
106.48986155633727,307.6923076923077
92.48047865142419,285.7142857142857
97.03509585982852,285.7142857142857
116.37958589455928,333.3333333333333
106.1371287480583,307.6923076923077
106.98326729181173,333.3333333333333
75.08651733617958,235.2941176470588
102.80470481574103,307.6923076923077
116.17391185906841,333.3333333333333
115.98598928911196,333.3333333333333
89.61408916733073,266.6666666666667
83.0027363707277,250.0
126.69324708766317,363.6363636363636
76.54818581752606,235.2941176470588
117.2040446201587,333.3333333333333
101.97197825719219,307.6923076923077
91.2684462481397,266.6666666666667
89.5856932379383,266.6666666666667
84.73787099579981,266.6666666666667
96.45315581876194,285.7142857142857
105.89611578249057,307.6923076923077
102.69465765659544,307.6923076923077
113.94739142963773,333.3333333333333
70.0293416742683,222.22222222222223
85.5642996544196,266.6666666666667
106.32035090908738,307.6923076923077
99.19604687236894,285.7142857142857
89.37236295399097,266.6666666666667
81.8519767286675,250.0
102.83295023632135,307.6923076923077
82.34336391783506,250.0
114.78082241718836,333.3333333333333
83.72002503791022,266.6666666666667
107.11564496068362,307.6923076923077
116.52777490312094,333.3333333333333
125.73030616867487,363.6363636363636
87.23032684047622,266.6666666666667
114.1311541830305,333.3333333333333
103.32353949487424,307.6923076923077
89.71620686417715,266.6666666666667
95.7893924672404,285.7142857142857
81.87511176504657,250.0
64.9420141215227,210.52631578947367
110.44126083791923,333.3333333333333
96.88921211007074,285.7142857142857
104.6859525092149,307.6923076923077
70.41958361532039,222.22222222222223
73.3190378969627,235.2941176470588
90.74857228718744,285.7142857142857
100.54292614676966,307.6923076923077
112.8681576757203,333.3333333333333
92.8806783270217,285.7142857142857
68.07310059486583,222.22222222222223
92.88322478812242,285.7142857142857
107.4151154445082,307.6923076923077
90.44224291015584,285.7142857142857
93.94113665296425,285.7142857142857
123.29266763698402,363.6363636363636
104.61404966382361,307.6923076923077
121.74693957860119,363.6363636363636
115.01131359457376,333.3333333333333
92.84601170570393,285.7142857142857
61.97501485791194,210.52631578947367
115.8551422885149,333.3333333333333
93.2093490084843,285.7142857142857
112.76829831323995,333.3333333333333
123.00817670886862,363.6363636363636
93.24081972128234,285.7142857142857
90.97211184537812,285.7142857142857
79.07518986033094,250.0
80.98863561196862,250.0
94.80484575623957,285.7142857142857
88.00646095366261,266.6666666666667
88.82272590893484,266.6666666666667
80.81340264403829,250.0
105.61183482009483,307.6923076923077
92.2506420581253,266.6666666666667
95.22653579957408,285.7142857142857
93.04662128998338,266.6666666666667
113.27797854057168,333.3333333333333
110.3777474028655,333.3333333333333
82.78041900828865,250.0
87.3832151713734,266.6666666666667
95.61189393815506,285.7142857142857
106.22845690968626,307.6923076923077
105.57027535445607,307.6923076923077
116.63016897336188,333.3333333333333
74.17290307137334,235.2941176470588
81.98456644216154,250.0
103.38358000579485,307.6923076923077
111.60608596313341,333.3333333333333
97.86784406940748,285.7142857142857
129.340239422247,363.6363636363636
87.40985226899268,266.6666666666667
110.8683283765102,333.3333333333333
129.99363994574298,363.6363636363636
93.86287011050653,285.7142857142857
98.25374337499163,285.7142857142857
80.62696271112202,250.0
78.54320086870504,250.0
105.13432342130706,307.6923076923077
104.50648173000125,307.6923076923077
95.2168181510889,285.7142857142857
117.07071946063758,333.3333333333333
117.05012376780753,333.3333333333333
74.48241842901315,235.2941176470588
97.28008709223634,285.7142857142857
105.59532417011744,307.6923076923077
104.59828435981385,307.6923076923077
70.90368310870338,222.22222222222223
100.6219583541006,307.6923076923077
103.72708573354217,307.6923076923077
125.92586441600666,363.6363636363636
115.60448472214473,333.3333333333333
86.5971944530647,266.6666666666667
94.10157848725281,285.7142857142857
103.602985142194,307.6923076923077
126.91704093122135,363.6363636363636
105.30577962588589,307.6923076923077
83.71968234520399,250.0
91.16033909544643,266.6666666666667
116.55245975831957,333.3333333333333
101.64979838823557,307.6923076923077
89.70198810259286,266.6666666666667
108.60952992564187,307.6923076923077
109.8910984406462,307.6923076923077
97.16987535839887,285.7142857142857
82.74391269455386,250.0
80.80516217109229,250.0
72.28706060273497,222.22222222222223
96.88108011431031,285.7142857142857
102.80400730757573,307.6923076923077
89.60558447340655,266.6666666666667
117.825183196483,333.3333333333333
98.86696268666485,285.7142857142857
91.05141117887847,285.7142857142857
81.23197025054498,250.0
77.81741975109034,235.2941176470588
85.30661201006502,266.6666666666667
77.71525118629809,235.2941176470588
94.1271516911179,285.7142857142857
91.80158190736849,285.7142857142857
105.53544046850337,307.6923076923077
97.29168912623518,285.7142857142857
98.24540171735849,285.7142857142857
93.3267294740495,266.6666666666667
59.78461992796128,181.8181818181818
107.603696642221,307.6923076923077
102.61068552322955,307.6923076923077
104.74896380538567,307.6923076923077
96.0001278699276,285.7142857142857
81.79170955091791,250.0
96.78570750020276,285.7142857142857
71.35885795269432,222.22222222222223
116.50169003718952,333.3333333333333
102.42542623751886,307.6923076923077
82.22483557007185,250.0
77.42202710854903,235.2941176470588
94.15842545370936,285.7142857142857
115.2261035131257,333.3333333333333
87.68344991108455,266.6666666666667
106.43073298130005,307.6923076923077
87.82043326857098,266.6666666666667
83.05795466932811,250.0
82.74438183238567,250.0
103.60885476223224,307.6923076923077
83.37668805964105,250.0
105.19898041718473,307.6923076923077
105.5739917139728,307.6923076923077
108.31438652959493,307.6923076923077
125.87953647063233,363.6363636363636
93.1865794694324,266.6666666666667
106.99098706816311,307.6923076923077
98.8552179138796,285.7142857142857
94.1576792809035,285.7142857142857
113.66834552414969,333.3333333333333
98.17253693748707,285.7142857142857
77.05568655881471,235.2941176470588
110.40723246186735,307.6923076923077
99.79833942016187,285.7142857142857
117.6057593522902,333.3333333333333
70.36697888818766,222.22222222222223
91.03882495905648,266.6666666666667
81.50916746102664,250.0
127.67251610256858,363.6363636363636
130.1104330083194,363.6363636363636
83.64253921559447,250.0
77.20387732401836,235.2941176470588
84.43241745629001,250.0
96.95468115743645,285.7142857142857
108.17530167355797,307.6923076923077
80.7384024555574,250.0
117.64414031753803,333.3333333333333
106.00669140324239,307.6923076923077
129.72283650368843,363.6363636363636
78.12748752216105,235.2941176470588
109.60110040607903,307.6923076923077
99.91127201916163,285.7142857142857
77.83156107065192,235.2941176470588
83.7829952811856,250.0
88.92898130699314,266.6666666666667
75.71448923855591,235.2941176470588
116.24824684969165,333.3333333333333
96.46158842121898,285.7142857142857
96.68119846967468,285.7142857142857
119.0717471651928,333.3333333333333
121.4757021422822,333.3333333333333
71.75428687496755,222.22222222222223
77.43198051850972,235.2941176470588
83.33295224525241,250.0
65.76097922185546,200.0
88.26475005789847,266.6666666666667
85.95953041000388,250.0
107.20330334152256,307.6923076923077
128.98086341243783,363.6363636363636
130.55871767181773,363.6363636363636
96.49815858767825,285.7142857142857
96.75465739755657,285.7142857142857
99.61582455424455,285.7142857142857
100.991493524089,285.7142857142857
98.02842690234488,285.7142857142857
90.42549484824816,266.6666666666667
92.12669266477116,266.6666666666667
86.05843859884854,250.0
91.47723387470187,266.6666666666667
79.55292641659982,235.2941176470588
100.735609964541,285.7142857142857
99.38164085120138,285.7142857142857
97.43003920273534,285.7142857142857
108.65446552583306,307.6923076923077
111.3905936312685,307.6923076923077
92.81002545597785,266.6666666666667
97.50639394184358,285.7142857142857
71.33692680816188,235.2941176470588
118.48801663328466,333.3333333333333
121.1129242991754,333.3333333333333
83.44142560085074,250.0
86.60664026059632,250.0
130.06412897643784,363.6363636363636
81.10667457265994,235.2941176470588
92.76182956497931,266.6666666666667
95.6427072358081,266.6666666666667
107.82649523730339,307.6923076923077
88.30467364641437,266.6666666666667
102.38567448570926,285.7142857142857
116.61463040147437,333.3333333333333
129.05173657596367,363.6363636363636
128.64226102191043,363.6363636363636
96.99233121853011,285.7142857142857
108.58549929038341,307.6923076923077
131.55846902635125,363.6363636363636
97.23301681804317,285.7142857142857
75.54776053004379,235.2941176470588
85.53184153433962,250.0
87.9819017120909,266.6666666666667
90.85284439953399,266.6666666666667
93.74747469524488,266.6666666666667
90.74875239798779,266.6666666666667
88.23162906864594,266.6666666666667
108.88921695213837,307.6923076923077
97.42426718220882,285.7142857142857
111.04881857734023,307.6923076923077
96.37765819692639,266.6666666666667
92.08504143651531,266.6666666666667
99.38328510739555,285.7142857142857
100.26709678562736,285.7142857142857
75.98230817927995,222.22222222222223
110.06581338964756,307.6923076923077
110.4819384352614,307.6923076923077
108.09575166781825,307.6923076923077
101.19189298234758,285.7142857142857
85.14405842962756,250.0
81.48999981299423,250.0
82.7173088242959,250.0
101.65875286661537,285.7142857142857
119.9207973396094,333.3333333333333
106.67969370696026,307.6923076923077
96.29064112261975,285.7142857142857
100.62037305625884,285.7142857142857
90.45154842304014,266.6666666666667
99.55077737782516,285.7142857142857
117.86944047610659,333.3333333333333
83.13652767699021,250.0
92.46889156813016,266.6666666666667
90.43303152708049,266.6666666666667
90.78662935989637,266.6666666666667
119.10622215695014,333.3333333333333
92.11645945992946,266.6666666666667
145.94879479826108,400.0
83.7129431302454,250.0
105.37258882572284,307.6923076923077
103.6969235674037,307.6923076923077
121.2043273545534,333.3333333333333
114.4606555475546,333.3333333333333
103.29835122457204,307.6923076923077
148.96514578733198,400.0
90.15973074004901,266.6666666666667
88.87237259075918,266.6666666666667
100.30338414866465,285.7142857142857
83.96613083803612,266.6666666666667
117.2668417752047,333.3333333333333
106.40850173456035,307.6923076923077
87.7349543240585,266.6666666666667
128.3954677942121,363.6363636363636
121.86876410077225,333.3333333333333
90.6201563409958,266.6666666666667
105.89865642932597,307.6923076923077
107.7444480446474,307.6923076923077
99.09209984289794,285.7142857142857
77.14891455195519,235.2941176470588
92.84176724083868,266.6666666666667
91.31818792375859,266.6666666666667
107.65192501623746,307.6923076923077
134.11861222730403,363.6363636363636
108.16413072891214,307.6923076923077
89.62067945881726,266.6666666666667
131.91269629703868,363.6363636363636
89.92042462504187,266.6666666666667
106.58115223161786,307.6923076923077
89.6713570652746,266.6666666666667
131.30442074448354,363.6363636363636
134.04304111701956,363.6363636363636
116.94804119081044,333.3333333333333
147.22837893127127,400.0
96.46365035697866,285.7142857142857
81.24146585108282,235.2941176470588
108.47590692367142,307.6923076923077
128.76354796856535,363.6363636363636
99.145186610418,285.7142857142857
106.40989421105604,307.6923076923077
129.6447852926208,363.6363636363636
118.28615647257762,333.3333333333333
85.0296007268246,250.0
100.39438265590472,285.7142857142857
93.97671002691871,266.6666666666667
88.44718034665252,250.0
92.25821219588616,266.6666666666667
109.18925917566546,307.6923076923077
121.75495547906279,333.3333333333333
119.93801751063073,333.3333333333333
91.82203496274376,266.6666666666667
109.57238544839052,307.6923076923077
83.38089788940636,250.0
134.69701404352458,363.6363636363636
119.24204655086409,333.3333333333333
102.67834189287122,285.7142857142857
116.79811176284908,333.3333333333333
77.97527444585077,235.2941176470588
102.21771679698399,285.7142857142857
131.39161356746447,363.6363636363636
73.20956240503659,222.22222222222223
108.04235899893214,307.6923076923077
73.65065620392078,222.22222222222223
84.1711121933951,250.0
92.69977794642054,266.6666666666667
92.18455613324362,266.6666666666667
104.18856187767246,307.6923076923077
84.02881417270835,250.0
107.67401060533396,307.6923076923077
109.01661034722673,307.6923076923077
108.8611648029317,307.6923076923077
75.24975398620525,222.22222222222223
136.44098494253058,363.6363636363636
151.29430699075866,400.0
86.33233724592044,250.0
78.11171881275948,235.2941176470588
94.61449091443644,266.6666666666667
82.37450353456218,250.0
66.8126798223287,200.0
78.09148880896,235.2941176470588
117.1712249458754,333.3333333333333
85.82078948449004,250.0
83.4938370410768,250.0
78.37719290843096,235.2941176470588
101.06689397847575,285.7142857142857
95.58718415614578,285.7142857142857
83.31155125732312,250.0
90.43994930947618,266.6666666666667
76.07780763088137,235.2941176470588
106.94615886708708,307.6923076923077
107.19603668801231,307.6923076923077
147.92047897943024,400.0
108.1759493303913,307.6923076923077
100.2105374025311,285.7142857142857
70.50929281756427,210.52631578947367
88.83228660733472,250.0
81.2569852723729,235.2941176470588
84.9083705469454,250.0
91.14006594770811,266.6666666666667
118.64003529076763,333.3333333333333
82.47891188685327,250.0
111.2675146655767,307.6923076923077
82.73480110129721,250.0
117.43172039720814,333.3333333333333
97.33932948414756,285.7142857142857
110.02232203557182,307.6923076923077
89.3225571364239,266.6666666666667
101.94436645118016,285.7142857142857
84.6060376147369,250.0
120.05902925440536,333.3333333333333
